1412.34 2483.38 2598.85
1457.6 2578.28 2727.54
1336.52 2362.42 2504.34
1476.78 2606.32 2762.43
1480.68 2608.65 2767.71
1489.8 2630.56 2784.89
1417.67 2493.89 2644.61
1369.58 2414.63 2565.13
1429.9 2524.99 2682.88
1394.52 2460.27 2611.67
1461.5 2575.68 2737.21
1385.07 2445.65 2593.47
1440.39 2529.81 2684.68
1363.01 2402.16 2551.95
1372.39 2418.95 2566.78
1387.44 2452.06 2602.87
1399.14 2472.08 2619.8
1412.9 2492.51 2640.49
1363.16 2401.97 2546.65
1361.9 2399.4 2544.33
1407.54 2473.67 2621.57
1379.45 2430.39 2574.85
1323.77 2333.23 2473.22
1350.2 2381.91 2527.64
1394.13 2462.23 2608.14
1404.44 2476.22 2627.87
1362.11 2392.66 2538.48
1425.06 2504.84 2657.29
1368.64 2412.19 2554.38
1371.74 2425.48 2574.8
1408.39 2479.53 2630.96
1397.64 2468.83 2618.35
